9.4385,15.14
